1111
l

mm 111 oum omn B. 11617117.

1174

1111111115111 111111111111111111,1,111. 11111 11111111,
1111 bonus 111111, 11, 111.

nmen qundo 1111111 11 patenulam mmm, 11, 1111111111 111111111111111111 111 1111111111,11,111.

1111111111 magister 11111111 1111 11111, 11, m

1011111111 quis 11 unde, 11, 171.
11111111111111 11111111, 1, 174.
1111111111111111, 11, 418.
11ἵ11111111111, 11, 1111. 1

tumim 1111111111 0111011111, 1,117.
⁸³¹³ss ¹ ιιῖ51111107,1819131611111 11 11111111 11 quo consistit, 1,
111111
1111 1 , . .

111111111111111111111111111, 1, 111.
'u 181ιὲ111113οἿ 11131111, munda vero lmpm numero 111111
111111111ῑῖ1 111111 11111111 11111111 111, 11, 157.
111111111111111111111.11111111, Ι, 1111.-

imperatoris 1101111111 prodesse 1111111 subjectis, Ι, 704.-
111 11111111 1111111111111111111111111 111 Ι1111111111, 1,
111,’.ἶ)11111131ὖ11ῃέ,1101981111,ω“1ωο’1 1111111111 11111-
11111 111111. 11111111..

111 111 Saxonum, 1 ⁸, 1111,11111111111ἶ1111111 ,1111111

11111111 1111111,ι111.,111. ¹ .
Ι, &w 11111111 11111), 1111111111 111111 1111111111,
1111111111111111111111111111111111111111 1111111, 1,1167.- 11-
111111111111111111111,1,718, 71111 11111111 penetrari
1’“““” ““’“
1111111111ὒὲ11111111111111,’111’1111111 11111111 11111,
1’ 111110111111111 suffimentum 1111111111, 1, 616.

11111 11 1111 1111 1111111,11, 111.

indigena, ‘. 1 11111; 111111 aliunde 1111111, 11, 708.
111111, ., ..,
111ΐ111125 plum 1111111111, 1, 17, 1111111111 1111111-
1111111111111111111111111111111111111111, 1, 101.
11111111 111 111111 1111111111, 11, 111. Quomodo 111
’11111111Ὲ1111111111111 1 111 1111111111-
1111,111.,1ο11111111111’. ’

ingenitus 11 1111111111 1111111111, 1, 711.
111111111111111 11111 111111111111111111 Spiritu
Ἰ111111111111181111111111111 a 11111 11111,11, 171.
1111111111 nonasterium, 1111 1111111, 11111111,1,111,
2111111111111111 11111 31111 11111111, 11, 111-1. 11 1111111111
1111111111111111 Novi ’1111111111,117. 1111111111
11111111,11111111111,111., 11 11111111 11 1111111111,
111111118111111111111113111111
1111111111, im. 1111111111 11111111 11111111, 116. samur-
moi, 117. 11 11111 1111111111, 118. 111 burm· 111111·
111 1111111111,110.111 11111111,111.11 11111111 111111
1111111111 md. 1111111111 1111111, 11111. Aa 111111111-
1111, 111, 115. Ad 11111111,11111. 111 1111111111 111111·
111111, 111111111111 eborum, 11111. u 1111111 1111111111,
1171. 111 111111111111,11111.,114,111. 111 1111111111,

odo

1111111111 Domini. 176.

111 11111111 11111111 11111, 11,117. 01111 pecatum 11 qun

11111111, 111. Consum moderanda 111, Ι, 111 s! 1111111
111 regitur, 1111111111111, 11 111, 171. Quomodo 11111
1111111111.11(111 11111111 1 1111111, 1, 3111, 111-111
De· 111111111111111111111111, 11111 ignem 1111111111
111111111111111111 1111111111 11111 1111111- 11110111105161319·
1111116111,11,1111.111111111111111111)1 mamanensi. „hactum 11111 11111111, 11, 171. Qua 11111 11 111 1111-
1 ¹ ·

11111111111116111111, 1, 181. . Ι
1111111111 111111111111111111111111, 111 111 111-

1111111, 1, m.

{mensurnis 111111. ma Ermenmdia.
1111 11111 11 111111, 1, 110, 1111, 1111. 111111 Eun

, 1111111111, Jacob, 1111111111, 111111111618. 111

po »11111111111111111111111 110.
1111111, 1111111111111111111111111, 1, 330.
1111111111 1111111111. “

· 11111 prophetia 11111 111111111111, 1, 117,118.-1111.1
111111 1 quo 11 111 stylo 1111111111, ΙΙ, m.

ι 1111111111111111111111, 1, 101. Quid 111 11111111 111·
11111111611111111111011111111111111111111111111 111
1111111111117. ,

1111111111111111111111111111 11111111, 1, 151.
¹⁶ Ιίιὸἓι 11111 1111111111111, 1, 111. - 1111111 1111111111,
11111111 1111111 1111111111 Turonensis 1111111111 1111111,
¹⁸ 11111111111111111 1111111 111· 1111111111 111111 111111

. 111111111111 111 1111111111, 1, 111, not.

J

71 1111111111, 11111.

lacere, 11111111, 11, 511.

111111 11111111111111, 1, 150, 451, 455.-11ω111111111·
1111 11111 111111 111111 11111 lapidem 111 111111 in 111-
111, 11111111 1111111111111, 1501111 11111 11111111

111111511011111111111111 1111111 111111 11111111

1 mercedem 1111111,111.011111111 111111 11111111

1111111111111111111111111111111, 11, 111
-111 S. 111111 111111, ΙΙ, 111.

1111111111111111 111111 111, Ι, 1117.

1111111111 1111111 11111 111111, 11, 111 m.

11111 111111 11111111 111 1111111111, 11, 111.

111111111111111111111111111111. ’

1111111111. 1 ,111

1111111111111111111111 111111 11111111, 11, 171 -
11111111111111111111111111111 1111111111, 11 , 1111.
- Jejuuium quadragenarium 1111 11111, 111) lego 111111
111111 Ι 111011111111111111 111 ecquomodo 11111111-

111, 11, 171-1111111011111111811111111;11111 1
0111111111, 11, 1111.-11111111111111111111111, 11,
118. - 11111111111111 1111111 1111111 11011111, 11,
4611-11111111 11111111111111111111, 11 , 181. -1111111
1111111 origo 11 1111111111 11111111, 11, 1114. -1111111

0111111 mmmm, 11 11111 1111111111 11111111 11111,
11,111.-1111111111111111 apud 41111111111, 011111 11
11111ῧῶ111 1111111, 1, 11. 111 1111 111, 1111 1111111, 11Ιί
,11111 11111111, 11.

11111111111111 1111111111 1111111111 111111, ΙΙ, 411.
01111111 1111 1111111111 11111111, 471

11111111111111111111111111,1 111.

11111 11111111· 111111111111111111 1, 1111.
111 11111111131111111111311111

Ε1111111111111111111111111. 111 111111111,1111.11 1111111111 111111, ihm-qous mm 811111 1111, 1,
111 11111111 11111111, 1111. 111 11111111, und. 11 111· 1111. sciptor 11111111111111. 11111.

1111111111 1111111111 1111111111,11,117. 111111 1111111
ad 11111111 1111111111111, 117. Ad emeterium 11111111
Ὴῇωῶἀ 1111 11 templa 1111111111, 118,

111111 11111111 1111111,1,.111,111 111111 numeru
&affigas ep. 1111111111, 171, 111. 7111111·

lunt· 011111 1 pannis 11111111, 1, 111.

111101111ιί1 1111111111111111111111111 111, 11, 111.
5οό111111111 qum 111; 1111111 1111111111, ΙΙ,
11111111 1111111111 11111 111, 11, 311.

11111111 111111111111111, 1, 810. ⁶

1111111 111111 De! 1111111111, 1, m. 111-1111·
1111811111 11111111111111 111111111111111111111, 1, 411.
11111111111111111111111111
111, 1, 161. 111111111111111111111 11111111111 . 11
1111 1111 11111111, 1111. 111 111 11111111 111111 111
11111111, &mifi- currem 111 monumentum numm
1111.’111111.1111.1” &wan
11111111, ΙΙ, 111-1 1111111111, 11, 1111111-111

8. 111111 111111,11, 111.

11111 qum· 111111,111.11111111,1111· 11111 op. 11111111, a 111· 1111111111. 111.

111 11111 11111 11111111, 171.

W..

 

